  2.9845985e+000 -2.6516854e+000
  3.5716127e+000 -1.0575489e+000
  1.6894348e+000 -1.5295855e+000
 -8.1079919e+000  2.2603716e+000
 -4.9390345e+000  1.6968198e+000
  1.8538737e+000 -1.8237958e-001
  1.6464761e+000 -2.2765992e+000
 -7.1787809e+000  2.4935700e+000
  2.7806128e+000 -2.0846912e+000
  2.2872518e+000 -9.2131736e-002
  1.2984881e+000 -2.0164405e+000
  2.9592742e+000 -1.5984294e+000
 -2.6496312e+000  4.7743294e+000
 -8.6549821e-001  1.6171612e+000
 -1.9774887e+000  3.2869853e+000
  9.7057232e-001 -7.1669028e-001
 -1.6121451e+000  1.2418217e+000
  2.7837426e+000 -3.1689740e+000
 -2.0500054e+000  1.4560662e+000
 -2.7039861e+000  2.6153419e+000
 -7.4974853e+000  7.7566209e-001
  2.0410305e+000 -2.5122288e+000
 -4.6150399e+000  2.9874648e+000
  9.0643094e-001 -2.2671917e+000
  4.8327101e+000 -3.0373153e+000
  3.2955146e+000 -2.0937418e+000
  2.7694309e+000 -2.1514050e+000
  2.0887647e+000 -2.9194156e+000
 -2.2202366e+000  1.1965465e+000
 -6.6487586e+000  2.2227847e+000
 -5.5564350e+000  2.5073040e+000
  1.7662312e+000 -1.2075611e+000
  2.2807289e+000 -4.1363361e+000
  3.1157509e+000 -3.1483836e-001
  2.6341072e+000 -2.8212886e+000
 -1.8407875e+000  1.3897250e+000
  2.0411766e+000 -2.5782275e+000
  1.8613045e+000 -7.0913824e-001
  1.9489540e-001 -1.6744605e+000
  2.6724142e+000 -2.0664525e+000
  2.2114000e+000 -2.6712399e+000
  2.2766159e+000 -2.8129935e+000
 -1.2030767e+000  2.0551698e+000
 -4.5543786e+000  1.6156148e+000
  2.7959524e+000 -2.3847491e+000
  2.3377874e+000 -2.2000269e+000
 -7.1883355e+000  1.3940626e+000
  1.7322987e+000 -3.3931819e+000
 -3.0884776e+000  1.6575181e+000
  1.4562316e+000 -1.9986620e+000
 -7.9218070e-001 -1.3530352e+000
 -1.6856886e+000  5.2519487e-001
  1.2345028e+000 -2.6108623e+000
 -9.2733722e-001  7.9511240e-001
 -9.9433367e-001  1.0007363e+000
  2.3171683e+000 -8.5104058e-001
  1.3505756e+000 -2.6529323e+000
 -1.7015720e+000  2.9910060e+000
 -7.4689635e-001  3.2627296e+000
 -1.2178404e-002  2.4608150e+000
  1.6706439e+000 -3.2963571e+000
  5.8880718e-001 -2.0022702e+000
 -1.0719719e+000  3.1062943e+000
 -3.5785527e+000  1.4714740e-001
 -5.5223134e+000  1.1203341e+000
  3.5696216e+000 -3.3404676e+000
 -1.8874483e+000  3.0754474e+000
 -1.7867234e+000  1.8663949e+000
 -2.0482028e+000  2.0708900e+000
  3.2100202e+000 -2.2930814e+000
  8.9741624e-001 -1.9696826e-001
 -2.4596361e+000  1.5908808e+000
 -3.4051727e+000  1.6041049e+000
  1.6810247e+000 -2.8758434e+000
 -2.2296729e+000  1.9497421e+000
 -7.3705254e+000  2.3427662e+000
  2.2336142e+000 -1.9720326e+000
  2.0180692e+000 -2.5871181e+000
 -1.9285842e+000  2.1195579e+000
 -6.1529174e+000  1.3120068e+000
 -6.1877691e+000  1.3488844e+000
 -3.2251939e+000  3.1235385e+000
 -2.8435926e+000  7.3419277e-001
  1.0841788e+000 -1.6900833e+000
 -2.9741597e+000  1.7588125e+000
 -2.4527655e+000  3.7039512e+000
 -2.5487910e+000  1.9712848e+000
 -2.4072930e+000  2.1498973e+000
 -5.7454012e+000  3.3436829e+000
 -9.1400152e-001  3.0135109e+000
 -3.2853603e+000  3.5198672e+000
 -6.7694321e+000  6.5661857e-001
  3.2111326e+000 -3.9328471e+000
  4.9413533e-001 -1.6066050e+000
 -1.5201223e+000  2.4996660e+000
 -3.5586756e+000  1.5966223e+000
  1.7034742e+000 -2.8011696e-001
 -2.6333934e+000  3.1742292e+000
 -4.0581920e+000  2.0842957e+000
  2.0401148e+000 -1.0960800e+000
 -2.5100366e+000  2.7474678e+000
 -1.1864899e+000  2.1364040e+000
 -4.1931329e+000  6.6423305e-001
  2.5390227e+000 -3.2672847e+000
  2.7674063e+000 -1.7686066e+000
 -6.6678376e+000  1.2730438e+000
 -1.3178366e+000  2.2024717e+000
  1.9094293e+000 -2.0567330e+000
 -5.9622985e+000  1.6660841e+000
 -1.3716770e+000  2.4952656e+000
  2.7094313e+000 -3.0960567e+000
 -2.2434070e+000  1.6204493e+000
  1.6260226e+000 -1.9623807e+000
 -2.1763142e+000  2.0443927e+000
 -4.8246719e+000  1.4906911e+000
 -2.1412171e+000  1.8394008e+000
  1.2563971e+000 -2.5761159e+000
 -8.0153729e-001  3.5381817e+000
  1.6136570e+000 -2.8463898e+000
  2.3780605e+000 -2.8090911e+000
 -2.1009611e+000  2.4254959e+000
  3.0981282e+000 -1.3160520e+000
  1.3707938e-001  6.8252717e-002
 -7.9685431e-001  2.5521909e+000
  3.2180621e+000 -3.1211960e+000
 -4.5767533e+000  1.8120002e+000
 -2.2136280e+000  2.8969384e+000
 -2.5667885e+000  2.6473771e+000
 -1.3812578e+000  2.5865398e+000
 -3.1616466e+000  4.3815698e-001
  4.8853718e+000 -2.1118070e+000
  1.0196382e+000 -9.0253792e-001
  2.3843199e+000 -1.9368293e+000
 -1.9586546e+000  3.5556839e+000
 -9.0215676e-001  1.8171480e+000
  1.3814117e+000 -4.3175090e-001
 -3.0321644e-001  1.2364605e+000
 -4.6061239e+000  2.0641388e+000
 -6.5641388e+000  1.6551915e+000
  3.8506714e-001 -2.7707389e+000
 -7.1501323e-001  2.4708017e+000
  2.3172301e+000 -2.0470498e+000
 -2.1004084e+000  4.4466972e-001
 -5.2932579e+000  2.4003718e+000
 -1.7016623e+000  2.5232925e+000
  2.3713204e+000 -2.9611435e+000
 -1.5630296e+000  5.2797886e-001
 -5.9741502e+000  1.2724797e+000
 -1.3628071e+000  2.7766060e+000
 -3.2732954e+000  3.7851943e+000
 -1.3654800e+000  1.8023040e+000
  5.3029093e-001 -1.8840390e+000
 -4.5422469e+000  1.5394763e+000
  2.6137301e+000 -4.2437297e+000
  3.9048581e+000 -3.9945572e+000
 -1.2688461e+000  2.6565647e-001
  6.5259730e-001 -2.0377346e+000
  2.9368738e+000 -2.3368538e+000
 -6.8193381e+000  1.1847140e+000
 -3.3975769e+000  2.8283376e+000
 -3.9115977e+000  1.2090427e+000
 -5.0936051e-001  3.6755490e+000
 -5.2453393e+000  8.2816707e-001
 -3.6878072e+000  2.1048265e+000
  1.2760223e+000 -1.7169978e+000
  1.6341481e+000 -1.3949974e+000
 -6.5510135e+000  1.7813546e+000
 -5.3717722e+000  2.4224343e+000
  2.6716795e+000  4.1269938e-001
 -5.6812919e+000  2.4732856e+000
 -6.4807183e+000  3.2107851e+000
 -9.1233939e-001 -5.8344778e-001
 -5.7672848e+000  9.7179291e-001
 -4.8617276e+000  2.4740765e+000
 -2.4050285e+000  1.9259272e+000
  2.2268652e+000 -1.5154016e+000
 -3.7429807e+000  7.1192378e-001
 -3.2400089e+000  1.7118048e+000
 -5.8590933e+000  2.3175948e+000
 -2.3027487e+000  2.1283087e+000
 -6.0905031e+000  2.5437630e+000
 -1.3108901e+000  1.4268652e+000
 -4.4036995e+000  2.1660089e+000
 -1.9081856e+000  1.3609565e+000
 -2.7918752e+000  2.5399150e+000
 -2.4675266e+000  3.5753736e+000
 -1.0796616e+000  2.5221585e+000
 -4.6440560e+000  1.6874931e+000
 -5.4901756e+000  2.2911971e+000
 -1.4089829e+000  1.8444567e+000
  8.5675115e-001 -2.8496600e+000
 -2.7456945e+000  1.5908577e+000
  1.6977660e+000 -1.8891642e+000
  6.6562852e-001 -1.2296643e+000
  2.3590099e+000 -8.2002384e-001
 -2.0826626e+000  1.8341717e+000
 -3.9037162e+000  2.4211026e+000
  2.7494147e+000 -1.0320889e+000
  3.2713006e+000 -2.7299967e+000
 -1.0592926e+000  2.7779977e+000
  1.6205581e+000 -7.5249463e-001
 -1.1188086e+000  8.7957722e-003
  5.5667771e-001 -2.1129396e+000
  3.3461767e+000 -1.7124977e+000
 -2.9112540e+000  5.9983570e-001
 -1.6873728e+000  1.8959831e+000
  1.6173442e+000 -2.2988905e+000
 -5.1104537e+000  3.4137300e+000
  2.9336556e+000 -2.4688321e+000
  2.5266505e+000 -4.3901433e+000
 -3.9821211e+000  2.1384142e+000
 -6.1564728e-001  2.7883436e+000
 -1.8526221e+000  1.3250238e+000
 -5.0211121e+000  2.4720105e+000
 -3.1150916e+000  2.4268087e+000
 -3.3403527e+000  2.5803667e+000
 -3.1853660e+000  2.2144748e+000
 -3.5403134e+000  2.6404377e-001
  2.7243100e+000 -1.1407210e+000
  2.4195883e+000 -1.8386964e+000
 -2.5062258e+000  1.8927873e+000
 -5.0546048e+000  1.6988440e+000
 -7.7522810e-001  2.4691260e+000
 -8.6624481e-001  2.1184681e+000
  2.4578815e+000 -1.4034349e+000
 -2.1127835e+000  1.0350380e+000
  7.0011401e-001 -3.3280830e+000
  1.7513102e+000 -7.8604987e-001
  1.8216596e+000 -2.2955234e+000
 -1.0376272e+000  2.8388224e+000
 -1.4492568e+000  1.0616509e+000
 -6.7322922e+000  2.2970178e+000
 -5.3612664e+000  1.3181869e+000
  2.4982849e+000 -1.3278494e+000
  2.5156484e+000 -3.4226057e+000
 -5.6726999e+000  3.7728186e+000
 -4.7854117e+000  2.4087993e+000
 -1.1084175e+000  2.1482416e+000
  7.4593394e-001 -9.5641463e-001
  2.2535599e+000 -2.1533093e+000
  1.4305458e+000 -1.7340703e+000
 -2.8438544e+000  1.0382262e+000
 -1.2871871e+000  1.4938597e+000
 -1.9227627e+000  2.7312108e+000
  8.6403517e-001 -8.4855572e-001
 -4.9196191e+000  9.1258677e-001
 -6.2444344e+000  2.2319867e+000
  2.1984958e+000 -2.9052942e+000
  2.2334692e+000 -2.8170924e+000
 -4.9118527e+000  1.0347984e+000
 -5.1446824e-001  1.6204333e+000
 -2.7470950e+000  2.4836230e+000
  2.9658537e+000 -1.4219835e-001
 -4.6779572e+000  2.8715398e+000
 -2.0858173e+000  9.0403488e-001
 -5.5489692e+000  1.1894417e+000
  1.2594423e+000 -1.7554774e+000
 -9.5417838e-001  2.2302030e+000
  2.6675244e+000 -1.1120176e+000
  1.1585833e+000  5.4933669e-001
 -2.2765181e+000  3.6589726e-003
  1.5774223e-001  3.1716138e+000
 -2.5870750e+000  3.6566518e+000
 -5.3870911e+000  1.3774952e+000
 -1.6487764e+000  2.0162479e+000
 -2.5150698e+000  3.4976267e+000
 -3.8272945e+000  2.0967672e+000
 -6.4010125e+000  1.9738594e+000
 -9.8527131e-001  1.3439580e+000
 -7.5751388e-001  1.4044739e+000
 -1.4350309e+000  1.8999259e+000
 -5.5105241e+000  1.6682243e+000
  1.2414820e+000 -2.9861524e-001
 -2.2415574e+000 -1.9251175e-001
 -3.1319560e+000  2.6318398e+000
 -5.4782170e+000  1.6966166e+000
 -2.3481517e+000  2.0631880e+000
 -2.7816728e+000  1.4136800e+000
  2.4538084e+000 -2.6355619e+000
 -2.3585178e+000  2.6479887e+000
  1.9619886e+000 -2.1270383e+000
  1.5807160e-001  1.3056954e+000
 -6.1623811e+000  1.3227484e+000
 -4.7219903e+000  2.6508497e+000
 -4.8444155e+000  2.3614678e+000
 -1.8091414e+000  1.7219017e+000
  1.0578336e+000 -1.9160372e+000
  4.4596832e-001 -3.2539862e+000
 -2.1533742e+000  1.9269550e+000
 -5.5969671e+000  2.8959589e+000
  1.6653297e+000 -9.2898910e-001
 -9.8648620e-001  1.6012442e+000
 -1.5248327e+000  2.2643115e+000
 -3.3066709e+000  1.6708023e+000
 -3.1474716e+000  6.2696112e-001
 -5.8077785e+000  1.1108157e+000
 -5.4785779e+000  1.8851417e+000
 -1.6731106e+000  6.8355077e-001
 -2.4536962e+000  3.6045974e+000
 -7.7437502e-001  6.6416951e-001
  1.7705112e+000 -1.4336866e+000
  1.2184521e+000 -6.3583280e-001
 -1.7586637e+000  3.2751528e+000
  2.6435606e+000 -2.2747478e+000
  3.3038498e+000 -4.2078693e+000
 -1.5520121e+000  1.0754224e+000
  3.6193662e+000 -7.9109992e-001
 -1.1239847e-001 -1.6337065e+000
 -6.3831366e+000  1.4209165e+000
 -2.4668977e+000  1.3931187e+000
 -4.6648268e+000  2.3178529e+000
 -2.8812815e+000  1.5453858e+000
 -1.8575832e+000  9.5522379e-001
 -6.1624671e+000  2.6818816e+000
  1.1614618e+000 -3.6477998e+000
 -4.6145694e+000  2.7017703e+000
 -1.7992877e+000  3.1361644e+000
 -6.4421803e+000  1.4453893e+000
 -5.7915500e-001  2.2858043e+000
  2.9387188e+000 -1.9380534e+000
 -1.9226409e+000  1.1657466e+000
 -8.3762515e-001  1.2106752e+000
 -7.2293861e-001  4.1584480e+000
 -1.8748194e+000  1.6342646e+000
  2.2894901e+000 -1.0936295e+000
  3.7885467e+000 -1.4810840e+000
 -6.5714344e+000  1.3746020e+000
  1.5652220e+000 -1.7151372e-001
  2.0906555e+000 -1.8463504e+000
  1.5530338e+000 -2.1915260e+000
 -3.3239310e+000  4.3624744e+000
  2.1214663e+000 -2.3062941e+000
 -5.6461056e+000  2.0060527e+000
 -1.8373647e+000  2.3340249e+000
 -4.3089714e+000  1.6902227e+000
 -6.7062475e+000  2.2440714e+000
 -5.5394367e+000  1.5493773e+000
 -6.0882204e+000  1.8243249e+000
 -5.4496806e-001  2.1217113e+000
 -2.2727109e+000  1.3840783e+000
 -2.3813286e+000  3.9822725e+000
 -1.0262092e-001  2.6792782e+000
  2.3537371e+000 -1.3016278e+000
 -6.1536249e+000  2.3856493e+000
  2.1463829e+000 -1.2513588e+000
  2.5652929e+000 -1.5385533e+000
 -1.9571765e+000  1.9855460e+000
 -3.1276383e+000  2.1652686e+000
  1.9568706e+000 -1.3612770e+000
  4.3861927e-001 -1.8696871e+000
 -4.9743117e+000  1.4461263e+000
 -1.7093243e+000  1.1380378e+000
 -1.9323014e+000  3.7836734e+000
 -5.0657089e+000  2.0776678e+000
  1.3125023e+000 -1.4192498e+000
 -7.2149638e-001  2.3740456e+000
  3.9741405e+000 -1.2624279e+000
  8.3658044e-001 -1.2461191e+000
 -5.9312961e+000  7.9288462e-001
 -3.2250432e+000  2.2161636e+000
  1.1889923e+000 -2.2501657e+000
 -4.6390483e+000  2.2193612e+000
 -2.0758928e+000  2.3352969e+000
 -4.2782264e+000  2.1059253e+000
 -4.8463495e+000  3.0293166e+000
  1.4149454e+000 -1.7285327e+000
  8.2794841e-001 -3.7204388e+000
  3.1737169e+000 -2.7786501e+000
 -1.5836836e+000  1.9598644e+000
  2.0202712e+000 -1.0109603e+000
 -1.5085689e+000  1.6252042e+000
 -1.1408999e-001 -2.1352633e+000
  2.9131246e+000 -3.8161926e+000
 -4.9550002e+000  1.7259709e+000
 -1.4542104e+000  9.7192846e-001
 -6.9515976e+000  7.7390306e-001
 -5.5841354e+000  2.1549245e+000
 -6.4735175e-002 -2.6172557e+000
 -5.2616167e+000  1.5762933e+000
 -1.7479812e-001  1.2710870e+000
  2.7996988e+000 -2.9366427e+000
  1.6944440e+000 -2.5986606e+000
 -3.0220604e+000  2.1316196e+000
 -2.5268069e+000  2.0244598e-001
 -2.9381808e+000  2.2479359e+000
  1.6959906e+000 -2.8731163e+000
  2.4912790e+000 -5.1997829e-001
  6.6019153e-001 -1.8415521e+000
 -5.9849312e+000  1.8799072e+000
  9.1571854e-001 -1.9958182e+000
 -2.6183018e+000  4.2506170e+000
 -6.1092989e+000  9.0866494e-001
 -2.2944574e-001  3.1879019e+000
 -1.9684095e+000  2.6186639e+000
 -3.7725005e+000  2.4802322e+000
 -2.5356580e+000  8.1949859e-001
 -1.4653479e+000  4.1511652e+000
 -6.0828066e+000  1.3514582e+000
 -3.6867616e+000  2.6341434e+000
 -2.5589373e+000  1.7131239e+000
  1.0263767e+000 -1.3210889e+000
 -6.0329576e+000  1.8807337e+000
 -2.9843460e-001  2.3197560e+000
 -2.0727345e+000  1.5906191e-001
 -2.8480614e+000  2.2483029e+000
 -2.7289727e+000  3.5574964e+000
  1.8326730e+000 -2.2826067e+000
 -4.0055891e-003  3.1093115e+000
  4.3609575e+000 -2.9981947e+000
 -2.2525345e+000 -2.7123634e-001
  1.3739283e-001  3.7951315e+000
 -5.2891942e+000  2.4131719e+000
 -2.5630525e+000  4.0094724e+000
 -4.7644797e+000  2.1717908e+000
  2.0852458e+000 -6.9997256e-002
  6.1968926e-001 -2.5723112e+000
  3.5178838e+000 -2.2847455e+000
 -2.4166333e+000  3.1976030e+000
  1.1126399e+000 -1.5015136e+000
 -3.7360837e+000  1.4941254e+000
  2.1419023e+000 -2.0780739e+000
 -1.2793874e+000  2.1835266e+000
  9.4793895e-001  1.7692898e+000
 -1.0523015e+000  1.6895624e+000
 -3.6199906e+000  1.2016952e+000
 -5.8794151e+000  2.6746466e+000
  1.1929368e+000 -1.6711035e+000
 -5.8514758e+000  1.4658974e+000
 -2.4142549e+000  2.7857426e+000
 -1.0676183e+000  2.7258596e+000
  2.0285481e+000 -3.1072664e+000
 -2.3888266e+000  1.0667807e+000
  2.0112546e-002  3.3532351e+000
  3.0973992e+000 -2.9770141e+000
 -2.3246711e+000  1.9351257e+000
 -6.1675095e-002 -3.0316257e+000
 -3.0102130e+000  8.1321057e-001
  2.2312481e+000 -2.7911207e+000
 -1.6365087e+000  2.7119214e+000
  9.2609135e-001 -2.6501985e+000
 -3.0820918e+000  3.2485350e+000
 -9.9537284e-001  2.8359024e+000
  2.8481361e+000 -7.4104481e-001
  1.3156983e+000 -1.8931292e+000
 -3.1514373e+000  1.6651908e+000
  2.4106534e+000 -4.3289296e+000
 -2.3105177e+000  2.0932210e+000
 -3.5687766e+000  2.9322917e+000
  6.8941334e-001 -2.3044399e+000
 -2.4993169e+000  3.5541585e+000
 -1.1554087e+000  2.2656530e+000
 -2.7782812e-001  3.0513646e+000
  1.0978331e+000 -2.1216168e+000
 -2.7201713e+000  2.7708144e+000
 -5.1014780e-001  1.8972755e+000
  5.4636494e-001  2.1239749e-001
  2.2543528e+000 -5.8305007e-001
 -1.2098442e+000  2.5403499e+000
  2.7015128e-001 -4.3773902e+000
  4.6548740e-001 -2.9299777e-001
 -9.9026960e-001  2.1432425e+000
 -4.8323467e-001  3.0808991e+000
  2.0503763e+000 -2.7790342e+000
  3.8987587e+000 -2.1303673e+000
 -4.9614978e+000  1.8496107e+000
  2.0439017e+000 -4.6111663e-001
 -1.1522068e+000  1.5042005e+000
  2.2763285e+000 -6.4149618e-001
  4.1615118e+000 -7.9258172e-001
 -2.2507105e+000  4.9409347e-001
 -2.3199538e-001  4.5847065e+000
 -6.3428869e+000  1.3113237e+000
 -3.9265267e+000  2.8831197e+000
 -1.0979889e+000  2.4626528e+000
  1.2376548e+000 -1.6506405e+000
 -1.8018247e+000  2.4292062e+000
  4.2666783e+000 -5.2199784e-001
  2.9582520e+000 -2.3496156e+000
 -6.0304696e+000  1.0266493e+000
  2.7753417e+000 -1.1587103e+000
 -9.7330218e-001  1.5620231e+000
  2.4442529e+000 -2.5326644e-001
 -1.2902199e+000  1.9011643e+000
 -5.3161818e+000  1.9710185e+000
 -1.5870220e+000  1.6918549e+000
  1.2028219e+000 -2.4636182e+000
  1.8683956e+000 -2.0875192e+000
  1.9684182e+000 -1.7897412e+000
 -2.2642966e+000  8.6773813e-001
 -4.5389912e+000  2.7015252e+000
  2.1885602e+000 -2.0556376e+000
  4.5920762e-001 -1.3124522e+000
 -1.9797408e+000  1.9165270e+000
 -5.6061510e+000  2.0247243e+000
  2.3603942e+000 -1.8784490e+000
 -4.5999077e+000  1.9360797e+000
  6.8339170e-001 -3.2754787e+000
 -2.3638327e+000  4.6191156e+000
 -1.9532280e+000  1.5344954e+000
 -3.0142752e+000  1.6753289e+000
