  2.4408388e+000  2.5547296e+000
  5.1853969e+000  2.3282623e+000
  3.0308590e+000  2.4558999e+000
  6.2685267e+000  2.8299348e+000
 -1.6078635e+000 -1.2188315e+000
  5.9073177e-001  3.0372341e+000
 -2.0390178e+000 -3.2016502e+000
 -1.8033237e-001 -1.3844979e+000
  2.6115516e+000  3.8169444e+000
  2.2718942e+000  5.3232547e-001
 -1.9242422e+000 -1.2371998e+000
  1.6829222e+000 -3.6509749e-001
  1.0631576e+000  2.0020238e+000
 -1.8669080e+000 -1.8910632e+000
 -1.4916928e+000 -1.1941420e+000
 -1.1447094e+000 -2.6574308e+000
 -2.5727061e+000 -2.1722376e+000
  5.0557354e+000  1.3575156e+000
  1.9972462e+000  1.9639946e+000
 -3.8738652e-001 -2.1469792e+000
 -3.3644493e+000 -1.0895183e+000
 -2.9603687e+000 -1.5465002e+000
  1.6946525e+000  1.8204307e+000
 -1.2355361e+000 -2.4105324e+000
  1.8172924e+000  2.6265732e-001
  2.1137987e+000  2.5275179e+000
  4.7728441e+000  1.3381931e+000
  2.6505829e+000  2.1551243e+000
  2.4979196e+000  2.7784628e+000
 -8.8976305e-001 -2.5267638e+000
  2.9727615e+000  1.1601419e+000
  3.9539789e+000  7.5351616e-001
 -3.5159726e+000 -4.6369988e+000
 -6.3388652e-001 -2.1957241e+000
  2.3480525e+000  2.2424940e+000
 -2.3465776e+000 -2.1168555e+000
  2.2759120e+000  2.9099151e+000
  3.2891088e+000  2.2179545e+000
  5.8460112e+000  2.1441654e+000
  2.3616711e+000  2.6125515e+000
  1.9106682e+000  2.5309805e+000
  6.3746232e+000  1.1471519e+000
 -1.6567547e+000 -1.8716312e+000
  7.2339271e+000  2.2827595e+000
  6.0243913e+000  3.3826629e+000
  2.2226720e+000  1.3962638e+000
  4.5507602e+000  1.6179350e+000
 -2.3530624e+000  2.6687633e-001
  4.4390952e+000  2.3135811e+000
 -1.2334009e+000 -2.1964516e+000
 -1.4285674e+000 -4.6784171e+000
  2.1811225e+000  2.4238414e+000
 -1.2933736e+000 -3.7033648e+000
 -1.8728756e+000 -3.9625222e+000
  2.7497800e+000  4.0634210e+000
 -2.9738264e+000 -2.1569614e+000
  3.5841552e+000  2.1202986e+000
  6.5734990e+000  2.9087926e+000
 -6.9594323e-001 -3.4274152e+000
  1.9898544e+000 -9.3438966e-001
 -1.7321399e+000 -7.5203599e-001
 -1.1896255e+000 -1.1899199e+000
  4.1143822e+000  2.6714981e+000
 -1.5518687e+000 -2.5940884e+000
  6.6093773e-001  1.0077175e+000
 -1.8072406e+000 -2.5484347e+000
  6.6706605e+000  2.8820187e+000
 -2.7248490e+000 -2.4043361e+000
  9.0550724e-001  2.3003159e+000
  6.8547438e+000  2.4612737e+000
  8.4196470e-001  1.4787019e+000
  6.1219291e+000  1.3241654e+000
  1.9629335e-001 -1.2638272e+000
  5.2439385e+000  2.1924456e+000
  4.7559607e+000  3.4192545e+000
  1.1003147e+000  1.3383853e+000
 -1.4101178e+000  6.4990424e-002
 -2.6913259e+000 -2.0305120e+000
 -2.1140453e+000 -2.7636848e+000
  1.9239396e+000  2.2131899e+000
  1.8617979e+000 -5.2652304e-001
  1.3117116e+000  2.3179129e+000
 -3.5051567e+000 -2.0375627e+000
 -9.4869139e-001 -5.1173360e-001
  1.2443494e+000 -1.1270235e+000
 -1.4650540e+000 -1.3994919e+000
  3.5152837e+000  2.8413741e+000
 -2.7826906e+000 -2.6087938e+000
 -2.5349760e+000 -2.6479107e+000
  3.0081231e+000  2.3685145e+000
  4.5284998e+000  2.0369148e+000
 -2.3198093e+000 -2.3294689e+000
  1.8072148e+000  1.3591138e+000
 -2.1174010e+000 -7.5238558e-001
  4.9312069e+000  2.6162072e+000
  1.2462752e+000  1.6372057e+000
  1.9819796e+000  1.1179315e+000
 -2.2334793e+000 -1.6117889e+000
 -1.0675359e+000 -1.3990061e+000
  2.7756018e+000  2.0277719e+000
  5.2289341e+000  1.2923196e+000
  6.2149247e+000  5.6477665e-001
 -2.5682779e+000 -1.1425563e+000
 -2.5779045e+000 -2.8106394e+000
 -2.7487561e+000 -1.3998642e+000
  1.9366232e+000  1.2181557e+000
  2.7013681e+000  2.4265423e+000
  1.8813520e+000  5.5969359e-001
 -5.3298466e-001 -6.6967670e-001
  2.3360618e+000  3.2619684e+000
  1.3029548e+000 -1.2794290e-001
  4.2236175e+000  3.2298513e+000
 -2.1695631e+000 -2.7528905e+000
 -2.2720232e+000 -2.3661395e+000
  1.4855419e+000  2.4758115e+000
  2.9474168e+000  1.2854515e+000
 -1.5082376e+000 -1.6717255e+000
 -2.4485364e+000 -2.1072500e+000
  5.4059618e-001  2.6442482e+000
 -2.5515135e+000 -2.8214525e+000
 -2.4099474e+000 -1.2008046e+000
  4.8478791e+000  1.4977050e+000
  2.8012098e+000  3.4323250e+000
 -1.2674322e+000 -1.5532627e+000
  4.2177882e+000  3.3893314e+000
 -1.3905935e+000 -2.0164774e+000
  1.5633966e+000  1.2223873e+000
 -2.0862977e+000 -1.9267030e+000
  2.2559759e+000  1.0938235e+000
 -2.1036588e+000 -2.7255292e+000
 -1.0490418e+000 -2.0726948e+000
 -6.8946532e-001 -1.0575593e+000
 -1.6409501e+000 -3.9601036e+000
  1.5037082e+000  1.2202430e+000
  1.8203206e+000  2.9053482e+000
 -1.8162120e+000 -1.1758602e+000
  3.8841679e+000  1.9185407e+000
  2.5702491e+000  1.7368526e+000
  4.6016617e-001  5.3185538e-001
  2.2956913e+000  9.8049891e-001
  6.0412961e+000  2.1480304e+000
  6.5249383e+000  9.2080785e-001
 -9.0904697e-001 -1.8817797e+000
 -4.0064311e+000 -5.2777190e-001
 -2.6930078e+000 -3.8746322e-002
  2.4277259e+000  2.0884720e+000
  1.8338461e+000  1.2232474e+000
  6.8576169e+000  1.6742866e+000
  6.5569897e+000  1.9978901e+000
 -2.5522142e+000 -2.1598617e+000
  2.1136436e-001  9.1966121e-001
 -2.1908096e+000 -1.2773614e+000
 -1.0801852e+000 -1.3665079e+000
  1.3944877e+000  3.0381522e+000
  1.1369940e+000  1.6789170e+000
  2.0273729e+000  1.8268085e+000
  2.6987353e+000  2.3887624e+000
  2.2795040e+000  1.2424401e+000
  2.6079817e+000  2.0075720e+000
 -2.1111036e+000 -3.0856885e+000
 -1.4809952e-001  2.6580866e+000
 -2.4996413e+000 -1.1666981e+000
 -1.8935690e+000 -3.7827108e-001
  5.1529287e+000  1.6452348e+000
  7.2119986e-002 -3.0867936e+000
 -1.0823941e+000 -2.7911540e+000
  4.9659658e+000  2.1952956e+000
  1.4677878e+000  3.5654437e+000
  3.0144348e+000  2.3322043e+000
  9.4799290e-001  1.3908148e+000
 -1.5429936e+000 -1.9232662e+000
  3.0132727e+000  1.4669984e+000
  2.9260350e+000  1.9045756e+000
  7.5902743e+000  2.9682193e+000
  6.1343832e+000  3.0378985e+000
  5.3151422e+000  1.8298528e+000
  1.9718824e+000  1.5140849e+000
  3.3326623e+000  6.5174550e-001
 -1.8515828e+000 -1.5248347e+000
 -1.5159150e+000 -1.3815400e+000
 -1.0272983e+000 -2.8642321e+000
 -2.1173478e+000 -1.4312874e+000
 -3.3637959e+000 -2.5475953e+000
 -2.7886773e+000 -3.8174841e+000
 -2.0004063e+000 -2.2479157e+000
 -1.3007472e+000 -2.8971662e+000
  1.3752865e+000  1.9998350e+000
 -1.4794717e+000 -2.0197447e+000
  5.9893095e+000  1.0285995e+000
  5.6437461e+000  2.0872073e+000
 -7.7501641e-001 -3.2178253e+000
  1.5461118e+000  1.5820978e+000
  6.8747426e+000  1.9708204e+000
  2.0842172e+000  1.8553903e+000
 -1.8930872e+000 -5.9184454e-001
  2.2915885e+000  2.7385504e+000
 -2.6125866e+000 -1.5469692e+000
  1.6875679e+000  3.2393589e-001
  6.3758855e+000  2.4452382e+000
  1.3915507e+000  1.1378580e+000
  2.2135530e+000  6.3920361e-001
  1.7772120e+000  1.5586820e+000
 -2.9029119e+000 -1.3805722e+000
  5.3874982e-001  2.2414575e+000
  5.6819351e+000  2.1478160e+000
  9.4169682e-001  2.7130569e+000
 -2.4761979e+000 -1.2289598e+000
 -1.2784300e+000 -2.1177155e+000
 -2.3014267e+000 -2.4585672e+000
  1.6409003e+000  1.2032129e+000
 -1.8468333e+000 -1.4883208e+000
  2.0789012e+000  2.2711956e+000
 -1.9432211e+000 -2.1948211e+000
  1.5505283e+000  2.2414635e+000
 -1.4103817e+000 -2.6286959e+000
  6.2715718e+000  2.0410973e+000
 -2.9571398e+000 -1.7034051e+000
 -1.7398421e+000 -2.3248721e+000
 -9.6964051e-001 -3.2726776e+000
 -3.8031552e+000 -2.4229725e+000
  2.3908367e+000  2.5560883e+000
  2.4621830e+000  3.5060131e+000
 -7.9140292e-001 -3.1677541e+000
 -2.2180824e+000 -1.9502910e+000
  2.5167737e+000  2.3795945e+000
  3.6753862e+000  2.6729883e+000
 -3.1629232e+000 -9.1830153e-001
  7.6209744e+000  2.6599566e+000
 -1.8576040e+000 -3.5671151e+000
  3.2302094e+000  3.1344168e+000
 -1.4127095e+000 -1.2065239e+000
 -4.6307247e+000 -3.2041628e+000
  1.7636365e+000  1.8430463e+000
  1.8293340e+000  2.9800494e+000
  6.1853031e+000  1.4378926e+000
  5.0826828e-001  6.4631156e-001
 -3.9606730e+000 -6.1894351e-001
 -1.7588110e+000 -1.6245970e+000
 -2.9804048e+000 -4.5187754e+000
  5.7192940e+000  1.2717827e+000
 -2.9666350e+000 -2.8009549e+000
  2.3642838e+000  1.2985585e+000
  5.9020109e+000  1.3481470e+000
 -5.2664085e-001 -2.4892851e+000
  2.4968856e+000  4.5089429e-001
  2.6343559e+000  1.4716677e+000
  1.7604898e+000  1.9692767e+000
  1.2518563e+000  2.2326170e+000
  1.1992183e+000  1.5137311e+000
 -2.5178769e+000 -2.4255779e+000
  5.7052154e+000  1.1756914e+000
 -2.8169935e+000 -3.2439893e+000
 -6.5147520e-001 -2.3942159e+000
  7.1798125e-001  1.3153033e+000
  3.7596092e+000  1.7473152e+000
 -7.7716433e-001 -1.8278883e+000
  1.6663971e+000  2.1746578e+000
 -2.3396699e+000 -1.1550270e+000
  3.0950256e+000  9.2683437e-001
 -3.1316988e+000 -2.0704089e+000
  6.2008327e+000  2.2068707e+000
  1.1703156e+000  1.3472233e+000
  2.3159203e+000  1.8406931e+000
  1.7037847e+000  2.9856236e+000
 -2.6589290e+000 -3.1607511e+000
 -2.9494400e+000 -2.7124161e+000
  3.7619243e+000  9.2357144e-001
 -1.3696727e+000 -6.4533095e-001
 -4.0578008e-001 -3.1129607e+000
 -1.4323909e+000 -1.9597572e+000
 -5.0193475e-001 -2.3512714e+000
  2.5406474e+000  1.9424038e+000
  4.7820042e+000  1.3856510e+000
  2.0235434e+000  2.4775030e+000
 -2.6187595e+000 -1.4119683e+000
  6.1673516e+000  2.0326957e+000
  6.8285039e+000  2.4998237e+000
  6.2051675e+000  2.5011578e+000
 -3.6219026e+000 -1.6523031e+000
  4.5841371e+000  1.6369897e+000
 -2.9092818e-001 -1.4238164e+000
  1.6316811e+000  1.2202300e+000
 -1.4038744e+000 -1.1821236e+000
  1.4239054e+000  3.5077638e+000
  2.5395345e+000  1.1609367e+000
  2.5779398e+000  3.7331811e+000
  1.4805166e+000  1.3065311e+000
  9.6741084e-001  1.3544829e+000
 -3.7210567e+000 -2.7055994e+000
  4.6244779e+000  3.4047581e+000
 -2.7708032e+000 -1.9916953e+000
  2.0186566e+000  3.6262069e+000
 -1.6209204e+000 -2.5091506e+000
  1.9949421e+000  1.9833819e+000
 -3.4462845e+000 -2.3403223e+000
  2.1714943e+000  1.4731483e+000
  1.9569453e+000  1.0271678e+000
 -2.3774269e+000 -4.0087773e-001
  1.3651536e+000  8.8110905e-001
  7.6005047e-001  1.6249494e+000
 -1.2366250e+000 -2.9224597e+000
  3.2176001e+000  3.9496351e+000
  2.9989452e+000  2.2250080e+000
  1.8196489e+000  3.9838552e+000
  4.7242886e-001  2.6377181e+000
 -1.9659460e+000 -3.7385292e+000
  2.7320639e+000  7.3963780e-001
  3.1229862e+000  3.5986294e+000
  1.5849220e+000  2.7893028e+000
  9.5828546e-001  2.2784973e+000
 -9.5087158e-001 -1.7219695e+000
  3.5237927e+000  1.9333251e+000
 -3.3986557e+000 -2.2733460e+000
 -3.0495231e-001 -3.0978719e+000
  3.2671101e+000  2.8454390e+000
  4.5684178e+000  1.1502727e+000
  2.5656658e+000  2.0633864e+000
  6.2598360e+000  1.5172077e+000
 -2.9080129e+000 -1.8564893e+000
 -2.0077016e+000 -2.7390018e+000
  1.2070593e+000  1.7454845e+000
  3.5256497e+000  2.1562860e+000
  5.7574768e+000  2.1134197e+000
 -2.5988546e+000 -2.2757962e+000
  1.3265827e+000  3.6603315e+000
 -1.6707131e+000 -1.0610522e+000
  5.4422293e-001  1.7499060e+000
 -2.9989395e+000 -1.1300810e+000
 -1.9116237e+000 -1.1026225e+000
 -2.1170674e+000 -3.1652825e+000
  2.0824522e+000  8.2412398e-001
 -1.5138795e+000 -2.2529116e+000
 -6.8952708e-001 -2.4219005e+000
  2.1152378e+000  1.7783256e+000
  7.3352532e+000  2.0578443e+000
 -2.5218430e+000 -1.0806695e+000
  1.5212799e+000  5.1206429e-001
  2.2192014e+000  1.9757193e+000
 -9.9561374e-001 -2.8014132e+000
 -2.3051576e+000 -4.4217229e+000
 -1.6450432e+000 -2.1886089e+000
  2.9338592e+000  2.0647517e+000
 -2.4902400e+000 -2.5543005e+000
  1.0002067e+000  1.6548604e+000
 -3.7272803e+000 -1.1779004e+000
  7.8535033e+000  1.6969196e+000
 -2.7533143e+000 -9.0342412e-001
  2.9026770e+000  3.5747095e+000
  3.6845617e+000  2.8721706e+000
  2.1300325e+000  2.5883997e+000
  1.4583319e+000  2.7364919e+000
 -3.8535634e+000 -2.4409132e+000
 -1.0283231e+000 -1.1297895e+000
 -2.2649995e+000 -2.1569657e+000
 -3.4303095e-001 -2.9473170e+000
 -3.5969248e+000 -2.0223567e+000
  3.2366083e+000  2.7252037e+000
  1.4731676e+000  1.9901639e+000
 -1.2444443e+000 -1.6000403e+000
 -3.5514148e+000 -2.1252207e+000
  6.5086603e+000  1.1825599e+000
  6.2885601e+000  3.2416712e+000
  2.2702662e+000  2.8189139e+000
  5.3425316e+000  1.7504609e+000
 -1.4834051e+000 -1.4937764e+000
 -2.5154341e+000 -2.7731760e+000
  4.2562955e+000  2.3867601e+000
 -3.6347764e+000 -2.3462012e+000
 -2.4845439e+000 -1.6976405e+000
  2.1969476e+000  1.7776551e+000
  2.4185587e+000  2.2410163e+000
 -1.4398607e+000 -1.4237309e+000
 -8.3951250e-001 -1.0294191e+000
  2.1898867e+000  2.8260082e+000
 -1.4908162e+000 -1.2745179e+000
 -1.4069182e+000 -3.8986973e+000
  3.3024332e+000  1.3285697e+000
  2.0728800e+000  3.3664803e+000
  2.2983749e+000  2.9991320e+000
 -2.7731225e+000 -2.5594778e+000
  1.1611632e+000  2.9760782e+000
  4.1007300e+000  1.4548227e+000
 -3.3560933e+000 -4.0932318e-001
  1.9670499e+000  3.6545653e+000
  2.2359575e+000  3.5443541e+000
 -2.3443358e+000 -2.8001630e+000
 -2.6133168e+000 -1.7194289e+000
  3.3477491e+000  1.6293847e+000
  2.1988888e+000  2.4685981e+000
 -2.5152610e+000 -1.6305677e+000
 -2.4205194e+000 -2.7886990e+000
 -1.6631478e+000 -1.0310923e+000
  5.0740146e+000 -9.9141597e-001
  5.6885495e+000  3.5380844e+000
  1.3309602e+000  2.7558809e+000
  2.8701806e+000  2.1126895e+000
  7.1717768e+000  2.8959303e+000
 -3.2242677e+000 -5.5017917e-001
  8.0155784e+000  2.6734469e+000
 -1.0271696e+000 -1.7680219e+000
 -2.1555756e+000 -4.1712361e+000
  1.1445362e+000  1.9364377e+000
  9.9235574e-001 -6.0457256e-001
 -2.8700346e+000 -1.2153721e+000
 -2.9938250e+000 -1.8783334e+000
 -3.9170337e+000 -2.0098115e+000
  1.3922703e+000  3.9881409e+000
  1.7539572e+000  1.5515913e+000
 -6.0945516e-001 -4.5502875e-002
 -1.6635389e+000 -2.5363471e+000
  2.0949470e+000  1.4852723e+000
  2.0192627e+000  3.4903740e+000
  8.6191105e-001  1.2678311e+000
  6.1889627e+000  2.1976263e+000
  1.1601772e+000  9.0121364e-001
  3.0939371e+000  2.0667773e+000
 -1.2631838e+000 -2.3486807e+000
  2.3488278e+000  2.7666535e+000
 -3.8593399e-001 -3.0449790e+000
  1.9012525e+000  2.6433755e+000
 -2.2074090e+000 -3.5655683e-001
  1.5412220e+000  2.9469058e+000
 -9.6425402e-001 -1.6426792e+000
 -1.0474631e+000 -3.1756612e+000
  2.3048630e+000  3.1194775e+000
 -1.1750454e+000 -2.5947269e+000
 -2.3209355e+000 -3.3629795e+000
 -2.9964798e-001  2.9094931e+000
 -1.4325422e+000 -2.2888194e+000
  6.8218406e+000  2.4292384e+000
 -3.0760135e+000 -2.4547998e+000
  7.4508526e-001  3.3145078e-001
  2.6014274e+000  1.4984292e+000
  3.9057939e+000  2.1467904e+000
  1.8236143e+000  2.6198875e+000
 -1.4187634e+000 -2.3261645e+000
  4.1442848e+000  3.8064544e+000
  1.6916686e+000  4.1842015e+000
 -6.4298228e-001 -1.6565575e+000
 -1.7201964e+000 -1.4404901e+000
  5.9939652e+000  1.8803113e+000
  9.7702499e-002  2.0804956e+000
  2.6843553e+000  2.0676857e-001
  2.6791495e+000  2.3352763e+000
  1.6593938e+000  1.8179928e+000
  3.0570414e+000  3.2472085e+000
 -1.4829265e+000 -2.4997471e+000
 -9.5131599e-001 -2.0527252e+000
 -1.8770593e+000 -4.8522928e+000
 -2.3427540e+000 -3.0298883e+000
  8.4052780e-001  1.6049756e+000
  2.5520724e+000  5.7107142e-001
  6.7641268e+000  2.5639136e+000
  3.4490267e+000  2.0998055e+000
 -2.5059478e+000 -1.9072412e+000
 -2.3501328e+000 -1.2401069e+000
 -3.1513823e+000 -1.2615536e+000
  1.5698706e+000  1.6846536e+000
  1.6152852e+000  2.5622492e+000
 -4.3221126e+000 -2.3977287e+000
  5.4253438e+000  1.9571496e+000
  2.5318141e+000  2.6646725e+000
  5.1888641e+000  1.9515913e+000
  5.6545084e+000  1.5402624e+000
  4.1663608e+000  2.2412418e+000
 -1.9270866e+000 -2.5159048e+000
  2.6924995e+000  2.6568289e+000
  5.5957537e+000  1.1933629e+000
  4.6777614e+000  1.3605666e+000
  3.2728769e+000  2.3261020e+000
 -1.5353132e+000 -2.4645035e+000
 -1.3877555e-001 -1.6357037e+000
  5.5917228e+000  1.9070397e+000
  6.5203215e+000  2.1416149e+000
  3.1011644e+000  1.7084801e+000
 -1.6362386e+000 -4.8404642e-001
 -9.1483436e-001 -1.6308891e+000
 -1.9557324e+000 -1.0389705e+000
  4.7689898e+000  1.8621582e+000
  5.3733199e+000  2.7670174e+000
  5.0740470e+000  1.4742676e+000
  2.5545300e+000  2.5855500e+000
  2.4268751e+000  1.4302810e+000
  1.7544924e+000  4.1925031e-001
  4.4117280e+000  1.9462559e+000
 -2.0675401e+000 -1.1383578e+000
 -8.0804906e-002  9.4426819e-001
  4.2687102e+000  1.4250610e+000
 -2.9616836e+000 -1.6857094e+000
 -2.5715550e-001 -1.0036778e+000
  1.2553915e+000  3.2996853e+000
  1.2174472e+000  2.8797498e+000
  2.8372280e+000  1.9244995e+000
 -2.8973552e+000 -1.5786748e+000
 -2.6359361e+000 -2.3303726e+000
  4.1871734e+000  2.2260547e+000
  2.6079178e+000  3.4939879e+000
  2.5039152e+000  2.1641705e+000
 -3.7452829e+000 -1.8353773e+000
 -1.8857441e+000 -3.9960533e+000
